3 2 100 f
2 4 100 f
3 4 100 f
4 5 100 f
6 2 100 f
6 4 100 f
2 7 100 f
4 7 100 f
4 8 100 f
2 9 100 f
9 3 100 f
4 9 100 f
2 10 100 f
4 11 100 f
9 12 100 f
9 13 100 f
14 4 100 f
15 2 100 f
15 8 100 f
16 9 100 f
2 17 100 f
17 4 100 f
17 11 100 f
17 18 100 f
19 2 100 f
19 4 100 f
19 17 100 f
2 20 100 f
15 20 100 f
21 4 100 f
22 5 100 f
23 4 100 f
23 11 100 f
19 23 100 f
24 4 100 f
24 13 100 f
19 24 100 f
4 25 100 f
23 25 100 f
12 26 100 f
27 5 100 f
2 28 100 f
29 4 100 f
29 5 100 f
11 30 100 f
31 13 100 f
32 4 100 f
32 6 100 f
32 17 100 f
33 4 100 f
34 2 100 f
4 35 100 f
35 19 100 f
24 35 100 f
35 33 100 f
5 36 100 f
37 19 100 f
38 4 100 f
2 39 100 f
40 4 100 f
19 40 100 f
41 22 100 f
19 42 100 f
43 4 100 f
35 44 100 f
15 45 100 f
46 23 100 f
24 46 100 f
3 47 100 f
47 4 100 f
26 47 100 f
34 47 100 f
47 46 100 f
4 48 100 f
17 48 100 f
19 49 100 f
17 50 100 f
51 25 100 f
35 51 100 f
4 52 100 f
53 27 100 f
54 2 100 f
13 54 100 f
9 55 100 f
23 55 100 f
56 9 100 f
56 22 100 f
17 57 100 f
17 58 100 f
47 58 100 f
59 6 100 f
24 59 100 f
32 59 100 f
60 38 100 f
61 5 100 f
61 13 100 f
20 61 100 f
24 62 100 f
62 48 100 f
52 63 100 f
64 19 100 f
6 65 100 f
43 65 100 f
4 66 100 f
11 66 100 f
47 67 100 f
68 26 100 f
68 34 100 f
69 16 100 f
70 59 100 f
61 71 100 f
72 4 100 f
14 72 100 f
73 13 100 f
12 74 100 f
4 75 100 f
4 76 100 f
76 12 100 f
22 76 100 f
76 24 100 f
28 76 100 f
76 67 100 f
7 77 100 f
77 17 100 f
2 78 100 f
15 79 100 f
79 59 100 f
4 80 100 f
81 8 100 f
81 26 100 f
7 82 100 f
82 19 100 f
83 4 100 f
19 83 100 f
20 83 100 f
84 2 100 f
84 17 100 f
35 85 100 f
78 85 100 f
86 6 100 f
11 86 100 f
87 2 100 f
37 88 100 f
64 88 100 f
35 89 100 f
89 62 100 f
83 90 100 f
91 2 100 f
47 91 100 f
92 4 100 f
19 93 100 f
94 76 100 f
9 95 100 f
96 61 100 f
2 97 100 f
98 29 100 f
59 99 100 f
100 29 100 f
89 101 100 f
